30
Atlanta 13 0 3 2 3 2 2 2 1 1 2 1 3 2 2 1 2 1 1 1 1 1 3 2 2 2 1 1 2 2 1
Boston 26 3 0 2 2 2 1 2 2 2 1 2 3 1 1 1 2 3 1 2 2 2 0 1 2 2 1 1 1 2 3
Brooklyn 15 2 2 0 1 1 3 1 0 2 1 2 3 1 2 2 1 1 2 2 3 1 2 3 1 2 1 2 3 1 1
Charlotte 7 3 2 1 0 3 3 1 1 2 2 1 2 1 1 2 1 3 1 1 1 2 3 3 1 2 2 2 2 2 1
Chicago 15 2 2 1 3 0 3 1 0 2 2 2 2 2 1 2 0 1 2 1 4 0 2 1 1 2 2 1 2 1 3
Cleveland 18 2 1 3 3 3 0 1 1 2 0 1 2 2 1 2 2 3 2 1 1 0 2 3 2 0 1 2 2 1 4
Dallas 19 2 2 1 1 1 1 0 1 2 3 2 2 0 1 1 2 1 2 2 2 3 1 2 2 2 3 2 1 3 1
Denver 23 1 2 0 1 0 1 1 0 1 2 0 2 1 2 2 2 2 3 1 2 1 1 2 2 4 3 3 1 3 2
Detroit 3 1 2 2 2 2 2 2 1 0 1 2 2 2 1 2 3 2 2 1 2 1 3 1 1 1 2 2 1 1 3
Golden_State 15 2 1 1 2 2 0 3 2 1 0 1 2 1 4 3 1 2 1 2 2 0 2 2 1 1 1 3 2 4 1
Houston 15 1 2 2 1 2 1 2 0 2 1 0 1 2 1 1 2 1 3 2 2 3 1 1 3 4 1 2 2 4 2
Indiana 17 3 3 3 2 2 2 2 2 2 2 1 0 1 2 1 1 2 1 2 2 2 1 1 2 1 2 1 3 1 1
LA_Clippers 19 2 1 1 1 2 2 0 1 2 1 2 1 0 3 2 2 2 4 3 0 2 1 2 4 2 2 0 2 2 2
LA_Lakers 17 2 1 2 1 1 1 1 2 1 4 1 2 3 0 3 1 2 2 2 1 2 0 1 2 1 2 1 2 2 2
Memphis 10 1 1 2 2 2 2 1 2 2 3 1 1 2 3 0 1 2 2 1 2 2 2 2 1 2 2 3 2 0 1
Miami 19 2 2 1 1 0 2 2 2 3 1 2 1 2 1 1 0 1 0 2 2 2 3 3 2 2 2 1 3 1 3
Milwaukee 24 1 3 1 3 1 3 1 2 2 2 1 2 2 2 2 1 0 2 2 1 2 2 2 2 1 2 1 1 2 1
Minnesota 24 1 1 2 1 2 2 2 3 2 1 3 1 4 2 2 0 2 0 1 1 2 2 0 2 4 1 2 1 2 2
New_Orleans 19 1 2 2 1 1 1 2 1 1 2 2 2 3 2 1 2 2 1 0 1 2 2 1 3 3 2 2 2 1 1
New_York 17 1 2 3 1 4 1 2 2 2 2 2 2 0 1 2 2 1 1 1 0 1 3 4 0 2 2 1 2 1 2
Oklahoma_City 22 1 2 1 2 0 0 3 1 1 0 3 2 2 2 2 2 2 2 2 1 0 2 1 2 3 2 3 2 3 2
Orlando 19 3 0 2 3 2 2 1 1 3 2 1 1 1 0 2 3 2 2 2 3 2 0 2 1 1 2 2 2 1 1
Philadelphia 22 2 1 3 3 1 3 2 2 1 2 1 1 2 1 2 3 2 0 1 4 1 2 0 1 1 2 2 1 2 1
Phoenix 17 2 2 1 1 1 2 2 2 1 1 3 2 4 2 1 2 2 2 3 0 2 1 1 0 2 3 2 1 1 1
Portland 9 2 2 2 2 2 0 2 4 1 1 4 1 2 1 2 2 1 4 3 2 3 1 1 2 0 1 1 1 0 1
Sacramento 19 1 1 1 2 2 1 3 3 2 1 1 2 2 2 2 2 2 1 2 2 2 2 2 3 1 0 2 2 1 1
San_Antonio 5 1 1 2 2 1 2 2 3 2 3 2 1 0 1 3 1 1 2 2 1 3 2 2 2 1 2 0 1 2 2
Toronto 12 2 1 3 2 2 2 1 1 1 2 2 3 2 2 2 3 1 1 2 2 2 2 1 1 1 2 1 0 1 2
Utah 14 2 2 1 2 1 1 3 3 1 4 4 1 2 2 0 1 2 2 1 1 3 1 2 1 0 1 2 1 0 2
Washington 6 1 3 1 1 3 4 1 2 3 1 2 1 2 2 1 3 1 2 1 2 2 1 1 1 1 1 2 2 2 0