30
Atlanta 15 0 3 2 3 2 2 2 1 1 2 1 2 2 2 1 2 1 1 1 1 0 2 1 2 2 1 1 2 2 1
Boston 29 3 0 2 2 2 1 2 2 2 1 2 1 1 1 1 2 3 0 2 2 1 0 1 2 2 1 1 1 1 3
Brooklyn 16 2 2 0 1 1 3 1 0 2 1 1 3 1 2 2 1 1 2 1 3 0 2 3 1 1 1 2 3 1 1
Charlotte 8 3 2 1 0 1 3 1 0 2 2 1 2 1 1 2 1 3 1 1 1 2 3 3 1 2 0 2 2 2 1
Chicago 18 2 2 1 1 0 3 1 0 2 2 1 2 2 1 2 0 1 2 1 3 0 2 0 1 2 2 1 2 1 3
Cleveland 21 2 1 3 3 3 0 1 1 2 0 1 2 2 1 2 2 3 2 1 1 0 2 3 2 0 1 1 1 1 2
Dallas 22 2 2 1 1 1 1 0 1 2 3 2 2 0 1 0 2 1 1 2 2 3 1 2 2 0 3 2 1 2 1
Denver 26 1 2 0 0 0 1 1 0 0 1 0 2 1 2 2 2 2 3 1 2 1 0 2 2 4 3 3 1 2 2
Detroit 3 1 2 2 2 2 2 2 0 0 0 1 2 2 1 2 3 2 2 1 2 1 3 1 1 1 1 1 1 0 3
Golden_State 17 2 1 1 2 2 0 3 1 0 0 1 2 1 4 3 1 2 1 1 2 0 1 2 1 1 1 3 1 4 1
Houston 18 1 2 1 1 1 1 2 0 1 1 0 1 2 1 1 1 0 2 2 2 3 1 1 3 4 1 2 2 4 2
Indiana 22 2 1 3 2 2 2 2 2 2 2 1 0 1 2 1 1 0 1 2 2 2 1 1 2 1 2 1 3 1 0
LA_Clippers 24 2 1 1 1 2 2 0 1 2 1 2 1 0 2 2 1 2 4 2 0 2 1 2 2 2 2 0 1 2 2
LA_Lakers 19 2 1 2 1 1 1 1 2 1 4 1 2 2 0 2 0 2 2 2 1 2 0 1 2 1 2 1 1 2 2
Memphis 14 1 1 2 2 2 2 0 2 2 3 1 1 2 2 0 1 2 2 1 2 2 2 2 0 2 2 2 1 0 1
Miami 21 2 2 1 1 0 2 2 2 3 1 1 1 1 0 1 0 1 0 2 2 1 3 3 1 2 2 1 3 1 3
Milwaukee 25 1 3 1 3 1 3 1 2 2 2 0 0 2 2 2 1 0 2 2 1 2 2 2 2 1 2 0 1 1 1
Minnesota 26 1 0 2 1 2 2 1 3 2 1 2 1 4 2 2 0 2 0 0 0 2 1 0 2 4 1 2 1 2 2
New_Orleans 23 1 2 1 1 1 1 2 1 1 1 2 2 2 2 1 2 2 0 0 1 2 2 1 3 3 1 2 2 1 1
New_York 22 1 2 3 1 3 1 2 2 2 2 2 2 0 1 2 2 1 0 1 0 1 3 3 0 1 2 1 2 1 1
Oklahoma_City 25 0 1 0 2 0 0 3 1 1 0 3 2 2 2 2 1 2 2 2 1 0 2 1 2 3 2 3 2 3 1
Orlando 21 2 0 2 3 2 2 1 0 3 1 1 1 1 0 2 3 2 1 2 3 2 0 2 1 1 1 2 2 1 1
Philadelphia 23 1 1 3 3 0 3 2 2 1 2 1 1 2 1 2 3 2 0 1 3 1 2 0 1 1 2 2 1 1 1
Phoenix 19 2 2 1 1 1 2 2 2 1 1 3 2 2 2 0 1 2 2 3 0 2 1 1 0 1 3 2 1 1 1
Portland 10 2 2 1 2 2 0 0 4 1 1 4 1 2 1 2 2 1 4 3 1 3 1 1 1 0 1 1 1 0 1
Sacramento 23 1 1 1 0 2 1 3 3 1 1 1 2 2 2 2 2 2 1 1 2 2 1 2 3 1 0 2 1 1 1
San_Antonio 6 1 1 2 2 1 1 2 3 1 3 2 1 0 1 2 1 0 2 2 1 3 2 2 2 1 2 0 1 2 2
Toronto 15 2 1 3 2 2 1 1 1 1 1 2 3 1 1 1 3 1 1 2 2 2 2 1 1 1 1 1 0 1 2
Utah 19 2 1 1 2 1 1 2 2 0 4 4 1 2 2 0 1 1 2 1 1 3 1 1 1 0 1 2 1 0 2
Washington 6 1 3 1 1 3 2 1 2 3 1 2 0 2 2 1 3 1 2 1 1 1 1 1 1 1 1 2 2 2 0
